# Created by Octave 9.2.0, Fri Dec 27 02:46:28 2024 KST <leejuchan@ijuchan-ui-MacBookPro.local>
# name: x_opt
# type: matrix
# rows: 1568
# columns: 1
 0
 0
 0
 0
 0
 0
 0
 0
 0
 0
 0
 0
 0
 0
 0
 0
 0
 0
 0
 0
 0
 0
 0
 0
 0
 0
 0
 0
 1.809064615598508
 -0.7511874654705426
 1.1986651982477385
 -0.57473730465155914
 -3.3146925623880317
 6.648769479519272
 -8.4223564169286007
 5.2734270617838996
 0.91388473195112097
 -0.31161983026285389
 0
 0
 0
 0
 15.45722011401195
 6.3040249752112327
 3.7523351154066797
 -5.5101510772351521
 9.269483910167402
 -0.23728225541501088
 38.620930225800961
 84.081412276242517
 44.556521345225143
 1.6461488686770696
 0
 0
 0
 0
 1.3689470916395703
 -0.52127315091434179
 19.523908515499212
 11.320423497357817
 190.63280742065928
 165.16909573844143
 562.64977490064814
 505.1539785955211
 216.76682819019413
 25.621776134899804
 0
 0
 0
 0
 15.347700513119738
 -9.7188849589811319
 -11.357585866190304
 20.995338304906834
 423.05908548767013
 448.2106129145007
 467.64660313691763
 568.29865258943266
 681.57368748189015
 831.58729224194303
 1.2770464282400678
 0
 0
 0
 -16.520792355735939
 24.31445788721884
 34.041402251283856
 62.973225064638044
 343.02746514208258
 307.96883146658899
 350.2119433515532
 479.20349617253481
 522.75288521798439
 575.10178966817421
 161.78240999246719
 69.300479859985387
 0
 0
 2.0799703328551944
 47.065091048744264
 45.810454757855915
 356.05298083014941
 328.51973246713618
 457.05116935570788
 442.04040215213553
 470.16675628572165
 618.77138549545884
 667.8343455927818
 887.95029046671061
 1199.1962480176846
 0
 0
 19.368522558352613
 7.5617593199755895
 42.94776652387754
 187.01159187818496
 157.78888260411324
 281.28412363483665
 304.29992160248935
 359.98633164277089
 387.74617292917327
 489.39636398779783
 283.35936775021929
 82.927109409246697
 -0.18602990837851124
 0.037452255604844914
 19.401629397607994
 28.141738739355933
 414.45319747410275
 289.07346474867643
 330.39017732183339
 223.42425229296293
 210.33620623953334
 230.36961627691338
 354.51512337107516
 398.27799435831753
 362.72486426414088
 17.440700288403342
 0
 0
 3.3974015807897984
 36.088203538348736
 501.65748152447333
 184.45092690906333
 121.48083096146901
 252.41875847870389
 168.25464611280086
 277.24493955809078
 315.94337366367233
 669.30899691095829
 91.944128299656541
 6.1454501812908608
 0
 0
 5.857153514693735
 18.145320431362268
 45.85177582073154
 89.050349590788414
 63.421534859913983
 42.527136705992788
 49.468252040557367
 48.828866083214393
 91.635884906268771
 110.80570877803612
 42.976031988200475
 2.6806025806869709
 0
 0
 9.114147507205665
 8.2781596745016532
 5.3027460874828609
 7.1625590692529917
 24.046896889366128
 26.450447407030687
 4.7381690670110999
 8.3041226576548652
 8.9694218467785429
 36.710172426255262
 4.3936141166226985
 -0.14327483823086526
 0
 0
 1.6558785679645158
 -1.3188094666406445
 0.074445733226775182
 4.4941591192848662
 2.4558976653314923
 9.0146827075213363
 -0.42619313438946282
 4.3688388651022994
 5.8349742228595058
 0.69821036992034113
 6.5551889817301392
 0.070638373852106334
 0
 0
 0
 0
 0
 0
 0
 0
 0
 0
 0
 0
 0
 0
 0
 0
 0
 0
 0
 0
 0
 0
 0
 0
 0
 0
 0
 0
 0
 0
 0
 0
 0
 0
 0
 0
 0
 0
 0
 0
 0
 0
 0
 0
 0
 0
 0
 0
 0
 0
 0
 0
 0
 0
 0
 0
 0
 0
 0.43323424149898498
 0.32622682378701656
 -1.8788302711018317
 8.5585297228251793
 4.4386523151207715
 3.259432707160939
 2.3363295299768945
 20.716122900510065
 6.1512624553875161
 8.6433319617196247
 2.3776313066396209
 -17.335133343780324
 -0.11489751068271628
 0
 -0.61725812985749839
 0.30483410833075286
 -17.263356434249431
 -1.2120727354413143
 -3.1234001717351134
 38.103192319552079
 73.406077896918063
 98.948907854044919
 76.963825806459141
 46.170383733381584
 -12.413894348581138
 -9.8431714686900289
 11.317714180095873
 -0.38509366529613909
 5.2208640257672592
 9.592196200792479
 17.022232585218905
 46.867094404383494
 219.39013488366464
 243.13624837453378
 462.03945411405459
 624.98896652653877
 296.32589848805083
 61.93849137224543
 37.174414402248033
 15.529076618620918
 14.745541401919159
 4.214123370620463
 21.919883215289072
 2.1449262857816813
 19.998263730925732
 -1.8048177632394891
 544.03173993923417
 553.34959821040525
 686.11850858050775
 864.46532432245874
 811.17077565158024
 739.1531485651268
 138.43880953631151
 25.08340683952197
 9.1653219238924564
 10.717530529634114
 -0.87944608538554569
 0.14801426672151594
 20.851422748823314
 25.554830020008996
 323.83486683168843
 257.46740927939027
 394.13241704176642
 530.6488487831823
 556.28048032814229
 721.92788853637865
 354.12771649760032
 57.414752238075074
 15.019764230162213
 8.0894519023089693
 -2.3366602945268569
 -0.21140272467660692
 -1.7761981814671837
 36.9175459603711
 494.11720688521945
 505.8991019265078
 667.48959528300065
 754.42270567974481
 718.72868717294273
 756.49074432312921
 1025.498687041229
 84.225917212158123
 18.320151551826886
 22.788906727732432
 2.5542735660488289
 5.6500699540196795
 -13.474002672861742
 34.549803556667747
 338.21851585459353
 353.49361651456388
 393.52365205335587
 346.15380097943438
 238.60360390863039
 156.01572402735397
 482.57074582006493
 41.340750157448454
 7.790966279538158
 3.9442971587119366
 2.5354455230064814
 2.3134140919652313
 17.531405140326576
 48.475775180250572
 228.36690594147731
 332.62305361497727
 433.84238007062044
 439.75340927271708
 288.08008776364335
 201.45566402120599
 412.42413623780794
 52.343803938036743
 6.303770730554124
 1.8650129372578184
 9.2175112627132503
 3.4237949400622045
 16.06861999406793
 42.113992187897793
 236.18921890825922
 379.62275221479086
 609.24554359194758
 551.74580812195427
 377.54765469759542
 163.1688426560705
 72.390412225579865
 35.593968439943644
 8.4179113095818483
 24.767504646760575
 -3.3151472149074657
 20.493020823086564
 14.344282142559706
 29.856341846377862
 70.811741396916133
 119.51677588331442
 177.42640585823366
 93.981788536525642
 107.6314073344505
 45.188022786639905
 51.613330678082207
 27.339389967429952
 23.325122266414908
 -1.3879122382040225
 -0.10013224517980233
 14.514501941673279
 14.519735863527778
 19.186375120524275
 4.0626808889326584
 20.652897154710335
 6.4914280979943602
 33.214397392283807
 -1.5508348128630269
 42.824338288568008
 16.801007100925951
 2.2142470515770323
 8.9318384794170953
 11.949885277559519
 1.5704144419733894
 -1.6354415983367105
 0.28843846686087404
 2.2918446077131267
 4.0736444002036682
 -0.13294465794867502
 0.87551107451803512
 0.1019883102397279
 16.906676173186902
 11.877732656947522
 -0.9580095552731247
 -2.5694911909018421
 -3.5566936546877006
 0.45769274875796434
 0
 0
 0
 0
 0
 0
 0
 0
 0
 0
 0
 0
 0
 0
 0
 0
 0
 0
 0
 0
 0
 0
 0
 0
 0
 0
 0
 0
 0
 0
 0
 0
 0
 0
 0
 0
 0
 0
 0
 0
 0
 0
 0
 0
 0
 0
 0
 0
 0
 0
 0
 0
 0
 0
 0
 0
 0.27053379589507237
 8.2843135300140514
 0.34452565871271784
 1.3057289112755892
 27.671502601813408
 13.986989966449498
 19.520097993454517
 -0.91581994179071802
 13.707847314888497
 1.5595948740160472
 14.97762931365823
 -6.5040422289046527
 -4.5958624985618508
 2.7360713522892377
 0
 -0.74777570757405565
 8.7808802795835543
 22.337323762239638
 40.998710037242752
 59.081336451711913
 115.33273221922124
 52.445222666748514
 55.585676502856671
 38.449351371692636
 21.230684345516924
 -1.5715415992123452
 6.331095912930623
 1.2821189208764141
 0.00062711041711118463
 -0.92156582218523442
 9.7724329665268126
 31.49440543298013
 411.57062481256912
 569.99615635547855
 532.1272717749282
 519.8781359772039
 423.19314002086446
 125.0075174989139
 9.9850791982676483
 15.428930107882575
 5.0002616830264515
 2.6829592587863429
 0
 -3.2959074187700326
 6.9108025432529638
 26.699291310293177
 650.97863536686032
 723.76766166951131
 741.87343871512337
 793.67192718222748
 729.84767463606613
 199.34188521716149
 76.208531760593914
 22.991740313181456
 21.653880746940377
 14.030304475960319
 0
 9.124255989183899
 38.681896067928946
 145.14988642573269
 1012.7166860103321
